1.003106515925350495e+00
1.016331876720252714e+00
1.039978135031692563e+00
1.073799952570725580e+00
1.117439464207947264e+00
1.170434237617231643e+00
1.232222567895173704e+00
1.302149505206684044e+00
1.379473817010757219e+00
1.463375851857980248e+00
1.552966230461910957e+00
1.647295274469121829e+00
1.745363073832110201e+00
1.846130086391416514e+00
1.948528157444682218e+00
2.051471842555317782e+00
2.153869913608583708e+00
2.254636926167890021e+00
2.352704725530878171e+00
2.447033769538089043e+00
2.536624148142019752e+00
2.620526182989242781e+00
2.697850494793315956e+00
2.767777432104826296e+00
2.829565762382768135e+00
2.882560535792052736e+00
2.926200047429274420e+00
2.960021864968307437e+00
2.983668123279747064e+00
2.996893484074649727e+00
