3.984096248084761406e-03
9.233234155545543345e-03
1.439235394166143642e-02
1.939959628481339668e-02
2.420133641529721713e-02
2.874657810880954650e-02
3.298711494109016207e-02
3.687798736885240097e-02
4.037794761470990534e-02
4.344989360054134914e-02
4.606126111889289471e-02
4.818436858732199485e-02
4.979671029339746702e-02
5.088119487420260378e-02
5.142632644677923998e-02
5.142632644677923998e-02
5.088119487420260378e-02
4.979671029339746702e-02
4.818436858732199485e-02
4.606126111889289471e-02
4.344989360054134914e-02
4.037794761470990534e-02
3.687798736885240097e-02
3.298711494109016207e-02
2.874657810880954650e-02
2.420133641529721713e-02
1.939959628481339668e-02
1.439235394166143642e-02
9.233234155545543345e-03
3.984096248084761406e-03
